0.153250
2.505980

2.491670
2.500810
2.489900
2.487120
2.499230
2.500310
2.520370
2.480620
2.499210
2.499490
2.508490
2.492110
2.499090
2.506600
2.506670
14.374200
0.38080
0.519210
2.575660
2.489680
2.495720
2.498800
2.498930
2.502660
2.497910
2.499160
2.515800
2.488730
2.497550
2.498360
2.499880
2.501590
2.498820
2.499560
14.412900
0.37980
0.486510
2.562680
2.500140
2.499650
2.516130
2.486190
2.498230
2.499930
2.503230
2.497140
2.499410
2.500330
2.512170
2.488870
2.499090
2.501840
2.500200
14.392320
